0 5.65 28
5 10.78 37
10 15.35 88
15 25.12 90
20 36.12 90
25 27.91 90
30 32.24 90
35 34.19 90
40 27.73 90
45 35.13 90
50 32.48 90
55 28.28 90
60 31.83 90
65 33.01 90
70 37.12 90
75 31.56 90
80 27.56 90
85 35.61 90
90 33.5 90
95 34.33 90
100 40.02 90
105 45.48 90
110 29.52 90
115 38.68 90
120 42.99 90
125 40.41 90
130 49.59 90
135 39.56 90
140 42.59 90
145 51.71 90
150 47.04 90
155 48.15 90
160 42.11 90
165 42 90
170 53.7 90
175 45.24 90
180 48.05 90
185 46.75 90
190 48.82 90
195 50.71 90
200 53.48 90
205 52.72 90
210 50 90
215 52.51 90
220 56.82 90
225 47.07 90
230 46.34 90
235 54.35 90
240 49.09 90
245 54.74 90
